Transaction 1 commit
10
+--------------+----+-----+----+----+----+----+----+----+----+-----+-----+-----+-----+-----+-----+-----+-----+-----+-----+-----+
|  Site Name   | x1 |  x2 | x3 | x4 | x5 | x6 | x7 | x8 | x9 | x10 | x11 | x12 | x13 | x14 | x15 | x16 | x17 | x18 | x19 | x20 |
+--------------+----+-----+----+----+----+----+----+----+----+-----+-----+-----+-----+-----+-----+-----+-----+-----+-----+-----+
| Site 1 (UP)  | 10 | 101 | 30 | 40 | 50 | 60 | 70 | 80 | 90 | 100 | 110 | 120 | 130 | 140 | 150 | 160 | 170 | 180 | 190 | 200 |
| Site 2 (UP)  | 10 | 101 | 30 | 40 | 50 | 60 | 70 | 80 | 90 | 100 | 110 | 120 | 130 | 140 | 150 | 160 | 170 | 180 | 190 | 200 |
| Site 3 (UP)  | 10 | 101 | 30 | 40 | 50 | 60 | 70 | 80 | 90 | 100 | 110 | 120 | 130 | 140 | 150 | 160 | 170 | 180 | 190 | 200 |
| Site 4 (UP)  | 10 | 101 | 30 | 40 | 50 | 60 | 70 | 80 | 90 | 100 | 110 | 120 | 130 | 140 | 150 | 160 | 170 | 180 | 190 | 200 |
| Site 5 (UP)  | 10 | 101 | 30 | 40 | 50 | 60 | 70 | 80 | 90 | 100 | 110 | 120 | 130 | 140 | 150 | 160 | 170 | 180 | 190 | 200 |
| Site 6 (UP)  | 10 | 101 | 30 | 40 | 50 | 60 | 70 | 80 | 90 | 100 | 110 | 120 | 130 | 140 | 150 | 160 | 170 | 180 | 190 | 200 |
| Site 7 (UP)  | 10 | 101 | 30 | 40 | 50 | 60 | 70 | 80 | 90 | 100 | 110 | 120 | 130 | 140 | 150 | 160 | 170 | 180 | 190 | 200 |
| Site 8 (UP)  | 10 | 101 | 30 | 40 | 50 | 60 | 70 | 80 | 90 | 100 | 110 | 120 | 130 | 140 | 150 | 160 | 170 | 180 | 190 | 200 |
| Site 9 (UP)  | 10 | 101 | 30 | 40 | 50 | 60 | 70 | 80 | 90 | 100 | 110 | 120 | 130 | 140 | 150 | 160 | 170 | 180 | 190 | 200 |
| Site 10 (UP) | 10 | 101 | 30 | 40 | 50 | 60 | 70 | 80 | 90 | 100 | 110 | 120 | 130 | 140 | 150 | 160 | 170 | 180 | 190 | 200 |
+--------------+----+-----+----+----+----+----+----+----+----+-----+-----+-----+-----+-----+-----+-----+-----+-----+-----+-----+
The operation OperationType.WRITE failed
